21
23
24
25
26
28
110
115
119
143
261
311
324
389
433
441
443
444
448
465
514
541
563
585
587
636
664
684
695
832
853
881
898
902
942
943
981
989
990
992
993
994
995
1129
1156
1183
1184
1194
1311
1364
1433
1443
1514
1521
1533
1575
1671
1701
1810
2010
2032
2078
2080
2083
2087
2096
2179
2252
2302
2376
2381
2443
2445
2478
2479
2482
2484
2526
2607
2679
2762
2821
2846
3003
3008
3009
3077
3078
3094
3131
3183
3191
3220
3268
3269
3306
3389
3410
3424
3443
3471
3496
3509
3529
3539
3550
3568
3660
3661
3713
3780
3800
3801
3802
3803
3820
3864
3885
3896
3897
3920
3995
4031
4062
4064
4066
4070
4081
4083
4096
4097
4098
4100
4116
4122
4422
4433
4434
4443
4444
4445
4446
4489
4534
4536
4590
4643
4712
4740
4843
4849
4889
4903
5001
5006
5007
5022
5041
5061
5062
5065
5067
5070
5082
5085
5086
5087
5223
5270
5321
5349
5432
5443
5480
5498
5543
5544
5566
5577
5631
5666
5671
5696
5783
5900
5986
5989
5990
6000
6001
6002
6003
6004
6182
6251
6436
6443
6513
6514
6547
6600
6601
6619
6679
6697
6771
6888
6990
7000
7001
7002
7047
7071
7083
7102
7183
7301
7343
7403
7443
7444
7473
7501
7627
7673
7674
7677
7789
7802
7993
7995
8000
8002
8004
8006
8008
8009
8010
8030
8044
8050
8057
8058
8060
8061
8065
8080
8081
8082
8083
8084
8086
8087
8088
8089
8090
8101
8124
8143
8170
8181
8182
8191
8194
8195
8196
8243
8250
8281
8283
8287
8333
8404
8422
8440
8441
8443
8444
8445
8446
8481
8488
8493
8530
8531
8553
8701
8705
8706
8707
8729
8834
8843
8883
8888
8984
8989
8990
8991
9001
9002
9006
9031
9032
9043
9060
9061
9071
9087
9091
9100
9143
9192
9201
9202
9203
9293
9295
9318
9392
9398
9402
9403
9405
9406
9443
9470
9471
9472
9473
9474
9475
9476
9480
9501
9502
9503
9520
9614
9802
9887
9901
9902
9993
9997
9999
10022
10111
10161
10162
10302
10443
10514
11207
11214
11215
11371
11443
11712
11751
12013
12109
12443
12975
13000
13130
13131
13161
13291
13783
15989
16000
16001
16018
16019
16021
16023
16113
16992
16993
16995
17000
17778
17779
18091
18092
18100
18231
18443
19890
19902
20003
20111
21012
22100
22222
22443
23456
27017
27018
27019
28017
28018
28019
31100
31314
32100
32976
41443
50000
50001
50002
50003
50470
50475
50495
58002
59669
61614
61617
61621
63002
63149
